# B039/40
# CIFAR10, MSE between predicted noise and ground-truth noise,
# based on 1000 timesteps: 1 ~ 1000
1705.30525
1490.75131
1357.76976
1259.20970
1180.14711
1113.05284
1055.81491
1005.52839
 961.69807
 922.23768
 886.36263
 853.12248
 823.63975
 796.15139
 771.52462
 748.02137
 725.73688
 705.65334
 687.26343
 668.85770
 652.36868
 636.50298
 621.71164
 607.73146
 594.38157
 581.16650
 569.12016
 557.73173
 546.32124
 535.79882
 526.39349
 516.03548
 506.25078
 497.13834
 488.92884
 480.44350
 472.57545
 464.84130
 457.60239
 450.40960
 443.53211
 436.84234
 430.53730
 424.26993
 418.04899
 412.05981
 406.61593
 400.78331
 395.16569
 390.19718
 385.02977
 379.65228
 375.06734
 370.05675
 365.77683
 361.36835
 357.55559
 352.85546
 348.59743
 344.44482
 340.27723
 336.71907
 332.75707
 328.85789
 325.55621
 322.07827
 318.41120
 315.46623
 312.29825
 308.52960
 305.58263
 302.50585
 299.23681
 296.76473
 293.58056
 290.58031
 287.82863
 284.97994
 282.51546
 279.58158
 277.19231
 274.60560
 271.81270
 269.24368
 266.87057
 264.97903
 262.62870
 259.53364
 257.64453
 255.73274
 253.22832
 251.16054
 248.84053
 247.18094
 245.12239
 242.90717
 240.90207
 238.66374
 236.97427
 235.15632
 233.10470
 231.21423
 229.55699
 227.66117
 225.92286
 224.24085
 222.06488
 220.84990
 218.97942
 217.52377
 215.62765
 214.46751
 212.26082
 211.23120
 209.58970
 207.94672
 206.54494
 204.89989
 203.57366
 201.97337
 200.62722
 199.02813
 197.88337
 196.41489
 195.03836
 193.70377
 192.34973
 191.36963
 189.65856
 188.61388
 187.25886
 185.81043
 184.60334
 183.39896
 182.23348
 180.95803
 179.93830
 178.84015
 177.84773
 176.39541
 174.96119
 174.17676
 173.14233
 171.77892
 170.87386
 169.59927
 168.77169
 167.52428
 166.48325
 165.55400
 164.36729
 163.31444
 162.69389
 161.21359
 160.54413
 159.39856
 158.48878
 157.52020
 156.35394
 155.21346
 154.72912
 153.69958
 152.89942
 152.21779
 150.81178
 150.22210
 149.25476
 148.26795
 147.29311
 146.88596
 145.93288
 145.17465
 143.88150
 143.07846
 142.42438
 141.68917
 141.12391
 140.04896
 139.37144
 138.22653
 137.67411
 136.98872
 136.06073
 135.35124
 134.35410
 133.67396
 132.96579
 132.25955
 131.79233
 130.66655
 130.15094
 129.39783
 128.70985
 127.73713
 127.38430
 126.42103
 125.82999
 125.13440
 124.56669
 123.71035
 123.18727
 122.81120
 121.78826
 121.37103
 120.40932
 120.07751
 119.11734
 118.67435
 117.84595
 117.15460
 116.76613
 116.17307
 115.44158
 114.81562
 114.34020
 113.66346
 112.79536
 112.38725
 111.74228
 111.51677
 110.56419
 109.94186
 109.41674
 108.82756
 108.27950
 107.99790
 107.26557
 106.59043
 106.12206
 105.48031
 104.92016
 104.38560
 103.80214
 103.45475
 102.79826
 102.31144
 101.85746
 101.20554
 100.58522
 100.26135
  99.78802
  99.10889
  98.54252
  98.20476
  97.65934
  97.20442
  96.78004
  96.18231
  95.59943
  95.06091
  94.75895
  94.26680
  93.93565
  93.41474
  92.74186
  92.19279
  91.80885
  91.13561
  90.77432
  90.46709
  89.79757
  89.22815
  89.13192
  88.61451
  88.20587
  87.68204
  87.24459
  86.78316
  86.55923
  85.96227
  85.50607
  85.00548
  84.58948
  84.17999
  83.81064
  83.39897
  83.01731
  82.49995
  82.04178
  81.26535
  81.28089
  80.85654
  80.31034
  79.89743
  79.73118
  79.46853
  78.71242
  78.36925
  78.03679
  77.62692
  77.27341
  76.88402
  76.39975
  76.11659
  75.66225
  75.09442
  74.95305
  74.33710
  74.32203
  73.89842
  73.59315
  73.04248
  72.71569
  72.26620
  71.84001
  71.51510
  71.12613
  70.90251
  70.63191
  70.05023
  69.85085
  69.10140
  69.10032
  68.84069
  68.45426
  68.02554
  67.58600
  67.11340
  66.93512
  66.66379
  66.22076
  66.01627
  65.62999
  65.15952
  65.01521
  64.49560
  64.24211
  63.95570
  63.61299
  63.27952
  62.84526
  62.72482
  62.15533
  61.89950
  61.55514
  61.18217
  61.03908
  60.83235
  60.49396
  60.05832
  59.73005
  59.50001
  59.12408
  58.88289
  58.41953
  58.22875
  57.97920
  57.45831
  57.30905
  56.82791
  56.54000
  56.28441
  56.12743
  55.73060
  55.44908
  55.06507
  54.92663
  54.51909
  54.29348
  54.12844
  53.74942
  53.48539
  53.11718
  52.78002
  52.48001
  52.24120
  52.11123
  51.70299
  51.30730
  51.11362
  50.87830
  50.63292
  50.36061
  50.09367
  49.82464
  49.57310
  49.25752
  48.98595
  48.65400
  48.50907
  48.19114
  47.89370
  47.63569
  47.35344
  47.10680
  46.93125
  46.68939
  46.38314
  46.15341
  45.94489
  45.61553
  45.19194
  45.08980
  44.73000
  44.62516
  44.38767
  44.18185
  43.77173
  43.59999
  43.32997
  43.10164
  42.74252
  42.62245
  42.40136
  42.15930
  41.98614
  41.76753
  41.37172
  41.30623
  40.96051
  40.74252
  40.52883
  40.24821
  39.95616
  39.60782
  39.48575
  39.32797
  39.05917
  38.86843
  38.52799
  38.42059
  38.17574
  37.94867
  37.69575
  37.55414
  37.39685
  37.00058
  36.81508
  36.69048
  36.37207
  36.09934
  35.93649
  35.67786
  35.51923
  35.39056
  35.08162
  34.90330
  34.68168
  34.43291
  34.24990
  34.15543
  33.84679
  33.61699
  33.48509
  33.32212
  33.09671
  32.92003
  32.67995
  32.26543
  32.23001
  32.07423
  31.81314
  31.57370
  31.44399
  31.30284
  30.97070
  30.88160
  30.65622
  30.49441
  30.31177
  30.06707
  29.78579
  29.77296
  29.53081
  29.33344
  29.17109
  28.87252
  28.71104
  28.56224
  28.48957
  28.23151
  27.97919
  27.85400
  27.66357
  27.45476
  27.26453
  27.13943
  26.90908
  26.76329
  26.66553
  26.39454
  26.28403
  26.03806
  25.89270
  25.71748
  25.50109
  25.45380
  25.25072
  24.99896
  24.91462
  24.70768
  24.51011
  24.40644
  24.16387
  23.97798
  23.91331
  23.65279
  23.55539
  23.43216
  23.25720
  23.09160
  22.89148
  22.78662
  22.52563
  22.48295
  22.30532
  22.01511
  21.96617
  21.78236
  21.66021
  21.55426
  21.40929
  21.19795
  21.11863
  20.87944
  20.77351
  20.59363
  20.47717
  20.21094
  20.11775
  20.03735
  19.86442
  19.78638
  19.58155
  19.53522
  19.34120
  19.13370
  19.02158
  18.89674
  18.72448
  18.62093
  18.51308
  18.36342
  18.24010
  18.04789
  17.91591
  17.76924
  17.63916
  17.50458
  17.33145
  17.27761
  17.04625
  16.98752
  16.84609
  16.70332
  16.59328
  16.47739
  16.36419
  16.26313
  16.06278
  15.90779
  15.82648
  15.68809
  15.57116
  15.43510
  15.37351
  15.23560
  15.14400
  14.99585
  14.90713
  14.79877
  14.62192
  14.54554
  14.40004
  14.32794
  14.23877
  14.04167
  13.99802
  13.86116
  13.74675
  13.62208
  13.51273
  13.35336
  13.26653
  13.17490
  13.04317
  12.92529
  12.79030
  12.77474
  12.59729
  12.52349
  12.39135
  12.34567
  12.19782
  12.06676
  11.98721
  11.88912
  11.80444
  11.71971
  11.57077
  11.50699
  11.36096
  11.30170
  11.19254
  11.08291
  11.03493
  10.91103
  10.81165
  10.68856
  10.60808
  10.50977
  10.38953
  10.36980
  10.24703
  10.18357
  10.04068
   9.99880
   9.87403
   9.82445
   9.76266
   9.67467
   9.52654
   9.47775
   9.34288
   9.28057
   9.21924
   9.11625
   9.02573
   8.94429
   8.85713
   8.80334
   8.67834
   8.62822
   8.56016
   8.50168
   8.38158
   8.32501
   8.24688
   8.13479
   8.08718
   8.00905
   7.92605
   7.82602
   7.76316
   7.66980
   7.62619
   7.52267
   7.46562
   7.38056
   7.33272
   7.27802
   7.15625
   7.13226
   7.05217
   6.97065
   6.92556
   6.82306
   6.75777
   6.69080
   6.63315
   6.54754
   6.50741
   6.44290
   6.35363
   6.29983
   6.23505
   6.19307
   6.11469
   6.06265
   5.98598
   5.94902
   5.87179
   5.81430
   5.73846
   5.68077
   5.65924
   5.57335
   5.48477
   5.46633
   5.39751
   5.34061
   5.26692
   5.22098
   5.18221
   5.13586
   5.07571
   5.02189
   4.94199
   4.91611
   4.85110
   4.79593
   4.74680
   4.69443
   4.66398
   4.59521
   4.55091
   4.49104
   4.46415
   4.39708
   4.31810
   4.29617
   4.24729
   4.19739
   4.16027
   4.09889
   4.05617
   4.01215
   3.98602
   3.92825
   3.86684
   3.82785
   3.80965
   3.75241
   3.70889
   3.65460
   3.60814
   3.57482
   3.53013
   3.48757
   3.44385
   3.41566
   3.39043
   3.33877
   3.31108
   3.27791
   3.22003
   3.18293
   3.15433
   3.10642
   3.08711
   3.03198
   3.00327
   2.96090
   2.93113
   2.89027
   2.87035
   2.81851
   2.79197
   2.76219
   2.72627
   2.68346
   2.64567
   2.62361
   2.58095
   2.54993
   2.53538
   2.49087
   2.45930
   2.42489
   2.41273
   2.35708
   2.34303
   2.30934
   2.28472
   2.25490
   2.23032
   2.20407
   2.17286
   2.14034
   2.11839
   2.07467
   2.05986
   2.03021
   2.00201
   1.97531
   1.95004
   1.93112
   1.90143
   1.87375
   1.85409
   1.83037
   1.81330
   1.78467
   1.76906
   1.74010
   1.72026
   1.69297
   1.67262
   1.64826
   1.62569
   1.60981
   1.57833
   1.56444
   1.54120
   1.52165
   1.49493
   1.47271
   1.45256
   1.43364
   1.42028
   1.39654
   1.37935
   1.35891
   1.33820
   1.32186
   1.30191
   1.29045
   1.26811
   1.24522
   1.22606
   1.22160
   1.20436
   1.17927
   1.16145
   1.14458
   1.13167
   1.11684
   1.09723
   1.08477
   1.06557
   1.05443
   1.03729
   1.01918
   1.00668
   0.98836
   0.97721
   0.95927
   0.95158
   0.93590
   0.92243
   0.91135
   0.89338
   0.88357
   0.86405
   0.85795
   0.84436
   0.82979
   0.81948
   0.80919
   0.79559
   0.78287
   0.76991
   0.75837
   0.74803
   0.73614
   0.72681
   0.71330
   0.70294
   0.69187
   0.68386
   0.67116
   0.66174
   0.65239
   0.64469
   0.63233
   0.62225
   0.61462
   0.60517
   0.59623
   0.58505
   0.57507
   0.56793
   0.55654
   0.54934
   0.54286
   0.53310
   0.52554
   0.51615
   0.50939
   0.50211
   0.49267
   0.48546
   0.47778
   0.47162
   0.46461
   0.45455
   0.44981
   0.44320
   0.43563
   0.42949
   0.42143
   0.41386
   0.40870
   0.40185
   0.39500
   0.38990
   0.38355
   0.37645
   0.37310
   0.36490
   0.35857
   0.35390
   0.34841
   0.34274
   0.33785
   0.33148
   0.32625
   0.32102
   0.31767
   0.31264
   0.30599
   0.30189
   0.29680
   0.29149
   0.28763
   0.28254
   0.27896
   0.27454
   0.27006
   0.26594
   0.26109
   0.25617
   0.25246
   0.24879
   0.24418
   0.24035
   0.23666
   0.23287
   0.22910
   0.22522
   0.22148
   0.21803
   0.21425
   0.21119
   0.20817
   0.20498
   0.20150
   0.19805
   0.19541
   0.19186
   0.18871
   0.18625
   0.18295
   0.18070
   0.17778
   0.17469
   0.17217
   0.16947
   0.16676
   0.16429
   0.16126
   0.15926
   0.15644
   0.15403
   0.15214
   0.14942
   0.14712
   0.14474
   0.14283
   0.14001
   0.13762
   0.13562
   0.13359
   0.13172
   0.12972
   0.12792
   0.12583
   0.12410
   0.12186
   0.11989
   0.11830
   0.11685
   0.11532
   0.11351
   0.11180
   0.10996
   0.10809
   0.10679
   0.10500
   0.10352
   0.10150
   0.10000
   0.09853
   0.09699
   0.09557
   0.09423
   0.09267
   0.09139
   0.09011
   0.08900
   0.08807
   0.08704
   0.08610
   0.08487
   0.08358
   0.08216
   0.08069
   0.08029
   0.07889
   0.07755
   0.07638
   0.07550
   0.07429
   0.07329
   0.07254
   0.07111
   0.07045
   0.06975
   0.06894
   0.06793
   0.06719
   0.06623
   0.06521
   0.06448
   0.06329
   0.06261
   0.06177
   0.06126
   0.06066
   0.05945
   0.05905
   0.05814
   0.05760
   0.05704
   0.05627
   0.05550
   0.05490
   0.05453
   0.05394
   0.05342
